0 0 0 0 0 0 
0 0 0 0 0 0 
0 0 0 0 0 0 
0 0 0 0 0 0 
0 0 0 0 0 0 
0 0 0 0 0 0 
0 0 0 0 0 0 
0 0 0 0 0 0 
0 0 0 0 0 0 
0 0 0 0 0 0 
0 0 0 0 0 1 
0 0 0 0 0 0 
0 0 0 0 0 0 
0 0 0 0 0 0 
0 0 0 0 0 0 
3 2 0 5 4 3 
0 0 0 0 0 0 
0 0 0 0 0 0 
0 0 0 0 0 0 
0 0 0 0 0 0 
0 0 0 0 0 0 
0 0 0 0 0 0 
0 0 0 0 0 0 
0 0 0 0 0 0 
0 0 0 0 0 0 
0 0 0 0 0 0 
0 0 0 0 0 0 
0 0 0 0 0 0 
0 0 0 0 0 0 
0 0 0 0 0 0 
0 0 0 0 0 0 
0 0 0 0 0 0 
0 0 0 0 0 0 
0 1 0 0 0 0 
0 0 0 0 0 0 
0 0 0 0 0 0 
0 0 0 0 0 0 
0 0 0 0 0 0 
0 0 0 0 0 0 
0 0 0 0 0 0 
0 0 1 0 0 0 
1 2 1 1 0 0 
0 0 0 0 0 0 
0 0 0 0 0 0 
0 0 0 0 0 0 
0 0 0 0 0 0 
0 0 0 0 0 0 
0 0 0 0 0 0 
0 0 0 0 0 0 
0 0 0 0 0 0 
0 0 0 0 0 0 
0 0 0 0 0 0 
0 0 0 0 0 0 
1 3 3 1 2 2 
8 10 5 5 9 10 
0 0 1 0 1 0 
0 0 0 0 0 0 
1 3 2 4 2 1 
3 6 7 4 2 5 
8 15 4 11 5 10 
9 11 12 11 9 7 
10 12 8 6 10 8 
12 15 18 16 7 6 
8 12 20 5 6 8 
0 4 3 4 4 0 
0 0 1 0 0 0 
1 0 0 0 0 1 
11 4 6 4 8 8 
1 5 4 6 2 3 
2 2 0 4 3 3 
3 2 1 3 3 5 
8 1 5 2 4 3 
12 6 9 8 5 2 
1 0 2 0 2 0 
1 0 0 0 0 0 
0 1 0 0 0 0 
0 0 0 0 0 0 
0 0 0 0 0 0 
0 0 0 0 0 0 
0 0 0 0 0 0 
0 0 0 0 0 0 
0 0 0 0 0 0 
0 0 0 0 0 0 
0 0 0 0 0 0 
0 2 1 1 2 1 
9 10 13 15 8 7 
12 16 13 17 13 3 
10 11 12 13 6 7 
12 7 13 12 10 16 
12 5 5 9 6 24 
7 6 3 9 9 2 
1 4 5 3 0 2 
0 1 0 0 2 1 
8 6 7 6 9 7 
1 0 1 1 3 3 
6 12 13 16 6 8 
18 11 11 12 8 4 
6 2 6 2 3 5 
5 3 8 3 3 6 
3 2 1 1 1 5 
0 3 0 0 1 1 
0 0 0 0 0 0 
0 0 0 0 0 0 
0 0 0 0 0 0 
0 0 0 0 0 0 
0 0 0 0 0 0 
0 0 0 0 0 0 
0 0 0 0 0 0 
0 0 0 0 0 0 
0 0 0 0 0 0 
2 5 0 1 5 6 
9 6 9 15 8 6 
11 10 14 14 5 8 
4 9 13 13 17 8 
12 3 2 9 5 3 
5 6 15 6 12 8 
0 1 0 0 1 1 
2 2 5 3 4 3 
0 0 0 0 0 0 
0 3 0 1 0 1 
2 1 1 9 7 18 
8 6 8 8 12 10 
4 3 5 4 5 4 
12 8 6 6 9 8 
4 14 4 8 5 3 
0 3 3 1 3 3 
2 5 6 2 3 3 
0 0 0 0 0 0 
1 0 0 4 0 0 
1 0 0 0 0 0 
0 0 0 0 0 0 
0 0 0 0 0 0 
1 0 0 0 0 0 
1 0 0 0 0 0 
0 0 0 2 1 1 
2 4 2 7 7 9 
5 6 7 7 12 7 
10 3 9 7 4 6 
13 12 13 10 3 8 
11 7 6 5 8 6 
11 13 11 13 6 8 
2 1 2 3 1 4 
6 1 2 2 6 4 
11 13 10 12 10 16 
24 24 21 18 26 17 
3 1 4 5 4 6 
5 1 1 1 4 2 
21 26 33 25 18 25 
34 37 33 30 50 27 
10 9 18 11 13 15 
4 2 4 3 1 7 
1 1 2 2 4 0 
5 7 3 4 1 0 
1 2 0 0 0 0 
0 0 0 0 1 1 
0 0 0 0 0 0 
0 0 0 0 0 0 
0 0 0 0 0 0 
0 2 2 0 1 1 
0 0 0 4 7 2 
0 0 0 0 0 0 
7 4 5 5 6 4 
3 2 2 4 11 5 
7 1 7 6 5 5 
6 3 5 3 5 1 
14 15 15 15 12 9 
2 6 2 4 4 4 
0 4 3 1 2 0 
2 1 1 1 1 2 
13 13 17 18 18 15 
54 54 60 47 59 54 
8 5 8 7 4 4 
6 5 3 3 1 3 
1 5 1 2 1 3 
24 29 27 9 15 17 
4 4 10 7 9 8 
3 4 6 8 0 2 
0 0 0 0 0 0 
0 0 0 0 0 0 
0 0 0 0 0 0 
0 0 0 0 0 0 
0 0 0 0 0 0 
0 0 0 0 0 0 
4 6 5 9 4 8 
5 8 6 4 7 2 
3 0 0 2 2 1 
4 7 0 8 8 6 
8 5 3 7 2 4 
3 6 10 14 10 8 
2 2 0 2 2 4 
0 1 0 0 0 0 
6 4 5 2 10 6 
11 5 1 6 7 12 
6 4 8 2 5 9 
1 3 8 2 3 2 
5 6 5 10 10 8 
67 60 51 53 50 60 
5 4 1 6 2 17 
0 0 0 0 0 0 
0 0 0 1 0 0 
1 0 3 0 5 3 
0 0 0 0 0 0 
0 0 0 1 0 0 
1 0 0 0 0 0 
0 0 0 0 0 0 
0 0 0 0 0 0 
0 0 0 0 0 0 
0 0 0 0 0 0 
0 0 0 0 0 0 
2 0 0 1 0 0 
1 0 0 0 0 4 
7 0 0 0 1 5 
2 0 0 3 5 0 
0 0 0 0 0 0 
0 0 0 2 3 1 
0 0 0 0 0 0 
2 0 0 0 0 0 
0 0 0 1 0 1 
7 0 0 1 1 2 
4 2 0 1 5 0 
8 1 0 1 2 9 
6 0 0 1 1 1 
3 0 0 1 0 1 
5 0 0 3 0 5 
0 0 0 0 0 0 
0 0 0 0 0 0 
1 0 0 1 0 5 
0 0 0 0 0 1 
0 0 0 0 0 0 
0 0 0 0 0 1 
1 0 0 0 0 0 
0 0 0 0 0 0 
0 0 0 0 0 0 
0 0 0 0 0 0 
0 0 0 0 0 0 
3 0 0 0 0 0 
3 0 0 0 0 1 
4 0 0 3 1 3 
1 0 0 0 0 2 
3 0 0 1 0 4 
0 0 0 0 0 2 
3 0 0 0 0 1 
0 0 0 0 0 2 
3 0 1 0 0 2 
4 0 0 0 0 5 
10 0 0 0 0 4 
4 0 0 0 0 4 
4 0 0 0 0 0 
9 0 0 0 0 8 
7 0 0 0 0 3 
11 0 0 0 0 7 
13 0 0 0 0 9 
5 0 0 1 0 8 
1 0 0 0 0 0 
0 0 0 0 0 0 
0 0 0 0 0 0 
0 0 0 0 0 0 
0 0 0 0 0 0 
0 0 0 0 0 0 
0 0 0 0 0 0 
0 0 0 0 0 0 
0 0 0 0 0 0 
0 0 0 0 0 0 
0 0 0 0 0 0 
0 0 0 0 0 0 
0 0 0 0 0 0 
0 0 0 0 0 0 
0 0 0 0 0 0 
0 0 0 0 0 0 
0 0 1 0 0 0 
0 0 0 0 0 0 
0 0 0 0 0 0 
0 0 0 0 0 0 
0 0 0 0 0 0 
1 0 0 0 0 0 
1 0 0 0 0 0 
1 0 0 0 0 1 
2 0 0 0 0 0 
1 0 0 0 0 2 
1 0 0 0 0 0 
0 0 0 0 0 0 
0 0 0 0 0 0 
0 0 0 0 0 0 
0 0 0 0 0 0 
0 0 0 0 0 0 
0 0 0 0 0 0 
0 0 0 0 0 0 
0 0 0 0 0 0 
0 0 0 0 0 0 
0 0 0 0 0 0 
0 0 0 0 0 0 
0 0 0 0 0 0 
0 0 0 0 0 0 
0 0 0 0 0 0 
0 0 0 0 0 0 
0 0 0 0 0 0 
0 0 0 0 0 0 
0 0 0 0 0 0 
0 0 0 0 0 0 
0 0 0 0 0 0 
0 0 0 0 0 0 
0 0 0 0 0 0 
0 0 0 0 0 0 
0 0 0 0 0 0 
0 0 0 0 0 0 
0 0 0 0 0 0 
0 0 0 0 0 0 
0 0 0 0 0 0 
0 0 0 0 0 0 
0 0 0 0 0 0 
0 0 0 0 0 0 
0 0 0 0 0 0 
0 0 0 0 0 0 
0 0 0 0 0 1 
0 0 0 0 0 0 
0 0 0 0 0 0 
0 0 0 0 0 0 
0 0 0 0 0 0 
0 0 0 0 0 0 
0 0 0 0 0 0 
0 0 0 0 0 0 
0 0 0 0 0 0 
0 0 0 0 0 0 
0 0 0 0 0 0 
0 0 0 0 0 0 
0 0 0 0 0 0 
0 0 0 0 0 0 
0 0 0 0 0 0 
0 0 0 0 0 0 
0 0 0 0 0 0 
0 0 0 0 0 0 
0 0 0 0 0 0 
0 0 0 0 0 0 
0 0 0 0 0 0 
0 0 0 0 0 0 
0 0 0 0 0 0 
0 0 0 0 0 0 
0 0 0 0 0 0 
